,0,1,2,3,4,5,6,7,8,9,10,11,12,13,14,15,16,17,18,19,20,21,22,23,24,25,26,27,28,29,30,31,32,33,34,35,36,37,38,39,40,41,42,43,44,45,46,47,48,49,50,51,52,53,54,55,56,57,58,59,60,61,62,63,64,65,66,67,68,69,70,71,72,73,74,75,76,77,78,79,80,81,82,83,84,85,86,87,88,89,90,91,92,93,94,95,96,97,98,99,100,101,102,103,104,105,106,107,108,109,110,111,112,113,114,115,116,117,118,119,120,121,122,123,124,125,126,127,128,129,130,131,132,133,134,135,136,137,138,139,140,141,142,143,144,145,146,147,148,149,150,151,152,153,154,155,156,157,158,159,160,161,162,163,164,165,166,167,168,169,170,171,172,173,174,175,176,177,178,179,180,181,182,183,184,185,186,187,188,189,190,191,192,193,194,195,196,197,198,199,200,201,202,203,204,205,206,207,208,209,210,211,212,213,214,215,216,217,218,219,220,221,222,223,224,225,226,227,228,229,230,231,232,233,234,235,236,237,238,239,240,241,242,243,244,245,246,247,248,249,250,251,252,253,254,255,256,257,258,259,260,261,262,263,264,265,266,267,268,269,270,271,272,273,274,275,276,277,278,279,280,281,282,283,284,285,286,287,288,289,290,291,292,293,294,295,296,297,298,299,300,301,302,303,304,305,306,307,308,309,310,311,312,313,314,315,316,317,318,319,320,321,322,323,324,325,326,327,328,329,330,331,332,333,334,335,336,337,338,339,340,341,342,343,344,345,346,347,348,349,350,351,352,353,354,355,356,357,358,359,360,361,362,363,364,365,366,367,368,369,370,371,372,373,374,375,376,377,378,379,380,381,382,383,384,385,386,387,388,389,390,391,392,393,394,395,396,397,398,399,400,401,402,403,404,405,406,407,408,409,410,411,412,413,414,415,416,417,418,419,420,421,422,423,424,425,426,427,428,429,430,431,432,433,434,435,436,437,438,439,440,441,442,443,444,445,446,447,448,449,450,451,452,453,454,455,456,457,458,459,460,461,462,463,464,465,466,467,468,469,470,471,472,473,474,475,476,477,478,479,480,481,482,483,484,485,486,487,488,489,490,491,492,493,494,495,496,497,498,499,500,501,502,503,504,505,506,507,508,509,510,511,512,513,514,515,516,517,518,519,520,521,522,523,524,525,526,527,528,529,530,531,532,533,534,535,536,537,538,539,540,541,542,543,544,545,546,547,548,549,550,551,552,553,554,555,556,557,558,559,560,561,562,563,564,565,566,567,568,569,570,571,572,573,574,575,576,577,578,579,580,581,582,583,584,585,586,587,588,589,590,591,592,593,594,595,596,597,598,599,600
Time,0.0,1.0,2.0,3.0,4.0,5.0,6.0,7.0,8.0,9.0,10.0,11.0,12.0,13.0,14.0,15.0,16.0,17.0,18.0,19.0,20.0,21.0,22.0,23.0,24.0,25.0,26.0,27.0,28.0,29.0,30.0,31.0,32.0,33.0,34.0,35.0,36.0,37.0,38.0,39.0,40.0,41.0,42.0,43.0,44.0,45.0,46.0,47.0,48.0,49.0,50.0,51.0,52.0,53.0,54.0,55.0,56.0,57.0,58.0,59.0,60.0,61.0,62.0,63.0,64.0,65.0,66.0,67.0,68.0,69.0,70.0,71.0,72.0,73.0,74.0,75.0,76.0,77.0,78.0,79.0,80.0,81.0,82.0,83.0,84.0,85.0,86.0,87.0,88.0,89.0,90.0,91.0,92.0,93.0,94.0,95.0,96.0,97.0,98.0,99.0,100.0,101.0,102.0,103.0,104.0,105.0,106.0,107.0,108.0,109.0,110.0,111.0,112.0,113.0,114.0,115.0,116.0,117.0,118.0,119.0,120.0,121.0,122.0,123.0,124.0,125.0,126.0,127.0,128.0,129.0,130.0,131.0,132.0,133.0,134.0,135.0,136.0,137.0,138.0,139.0,140.0,141.0,142.0,143.0,144.0,145.0,146.0,147.0,148.0,149.0,150.0,151.0,152.0,153.0,154.0,155.0,156.0,157.0,158.0,159.0,160.0,161.0,162.0,163.0,164.0,165.0,166.0,167.0,168.0,169.0,170.0,171.0,172.0,173.0,174.0,175.0,176.0,177.0,178.0,179.0,180.0,181.0,182.0,183.0,184.0,185.0,186.0,187.0,188.0,189.0,190.0,191.0,192.0,193.0,194.0,195.0,196.0,197.0,198.0,199.0,200.0,201.0,202.0,203.0,204.0,205.0,206.0,207.0,208.0,209.0,210.0,211.0,212.0,213.0,214.0,215.0,216.0,217.0,218.0,219.0,220.0,221.0,222.0,223.0,224.0,225.0,226.0,227.0,228.0,229.0,230.0,231.0,232.0,233.0,234.0,235.0,236.0,237.0,238.0,239.0,240.0,241.0,242.0,243.0,244.0,245.0,246.0,247.0,248.0,249.0,250.0,251.0,252.0,253.0,254.0,255.0,256.0,257.0,258.0,259.0,260.0,261.0,262.0,263.0,264.0,265.0,266.0,267.0,268.0,269.0,270.0,271.0,272.0,273.0,274.0,275.0,276.0,277.0,278.0,279.0,280.0,281.0,282.0,283.0,284.0,285.0,286.0,287.0,288.0,289.0,290.0,291.0,292.0,293.0,294.0,295.0,296.0,297.0,298.0,299.0,300.0,301.0,302.0,303.0,304.0,305.0,306.0,307.0,308.0,309.0,310.0,311.0,312.0,313.0,314.0,315.0,316.0,317.0,318.0,319.0,320.0,321.0,322.0,323.0,324.0,325.0,326.0,327.0,328.0,329.0,330.0,331.0,332.0,333.0,334.0,335.0,336.0,337.0,338.0,339.0,340.0,341.0,342.0,343.0,344.0,345.0,346.0,347.0,348.0,349.0,350.0,351.0,352.0,353.0,354.0,355.0,356.0,357.0,358.0,359.0,360.0,361.0,362.0,363.0,364.0,365.0,366.0,367.0,368.0,369.0,370.0,371.0,372.0,373.0,374.0,375.0,376.0,377.0,378.0,379.0,380.0,381.0,382.0,383.0,384.0,385.0,386.0,387.0,388.0,389.0,390.0,391.0,392.0,393.0,394.0,395.0,396.0,397.0,398.0,399.0,400.0,401.0,402.0,403.0,404.0,405.0,406.0,407.0,408.0,409.0,410.0,411.0,412.0,413.0,414.0,415.0,416.0,417.0,418.0,419.0,420.0,421.0,422.0,423.0,424.0,425.0,426.0,427.0,428.0,429.0,430.0,431.0,432.0,433.0,434.0,435.0,436.0,437.0,438.0,439.0,440.0,441.0,442.0,443.0,444.0,445.0,446.0,447.0,448.0,449.0,450.0,451.0,452.0,453.0,454.0,455.0,456.0,457.0,458.0,459.0,460.0,461.0,462.0,463.0,464.0,465.0,466.0,467.0,468.0,469.0,470.0,471.0,472.0,473.0,474.0,475.0,476.0,477.0,478.0,479.0,480.0,481.0,482.0,483.0,484.0,485.0,486.0,487.0,488.0,489.0,490.0,491.0,492.0,493.0,494.0,495.0,496.0,497.0,498.0,499.0,500.0,501.0,502.0,503.0,504.0,505.0,506.0,507.0,508.0,509.0,510.0,511.0,512.0,513.0,514.0,515.0,516.0,517.0,518.0,519.0,520.0,521.0,522.0,523.0,524.0,525.0,526.0,527.0,528.0,529.0,530.0,531.0,532.0,533.0,534.0,535.0,536.0,537.0,538.0,539.0,540.0,541.0,542.0,543.0,544.0,545.0,546.0,547.0,548.0,549.0,550.0,551.0,552.0,553.0,554.0,555.0,556.0,557.0,558.0,559.0,560.0,561.0,562.0,563.0,564.0,565.0,566.0,567.0,568.0,569.0,570.0,571.0,572.0,573.0,574.0,575.0,576.0,577.0,578.0,579.0,580.0,581.0,582.0,583.0,584.0,585.0,586.0,587.0,588.0,589.0,590.0,591.0,592.0,593.0,594.0,595.0,596.0,597.0,598.0,599.0,600.0
a1,0.75,0.744598,0.745637,0.743076,0.743236,0.744536,0.750454,0.747038,0.746539,0.74357,0.739661,0.741077,0.744865,0.742184,0.740089,0.741068,0.742774,0.737718,0.743384,0.746508,0.74868,0.752948,0.753338,0.751619,0.750871,0.743444,0.742635,0.742948,0.748442,0.745548,0.747447,0.750154,0.748775,0.747889,0.754839,0.761415,0.763299,0.763454,0.761552,0.762294,0.7626,0.764113,0.759354,0.756995,0.757446,0.759103,0.757102,0.755795,0.75262,0.750745,0.751568,0.747893,0.752271,0.757491,0.757882,0.755556,0.755614,0.753072,0.752778,0.748692,0.754984,0.758746,0.758104,0.756005,0.752217,0.749707,0.751286,0.751755,0.748644,0.748452,0.750561,0.751854,0.751154,0.752835,0.75467,0.755699,0.758275,0.758026,0.75471,0.757502,0.761416,0.765231,0.765239,0.761135,0.766638,0.768383,0.772356,0.768479,0.765568,0.761534,0.759829,0.757326,0.760236,0.759393,0.758697,0.757211,0.751007,0.750784,0.753312,0.753367,0.755746,0.753408,0.754324,0.752129,0.751821,0.749126,0.747171,0.746164,0.744046,0.742108,0.739522,0.740998,0.746035,0.74433,0.749538,0.749558,0.75186,0.754679,0.755769,0.762218,0.760095,0.76033,0.762167,0.763893,0.756348,0.761187,0.758514,0.757144,0.757052,0.759061,0.762623,0.761252,0.760786,0.757701,0.760152,0.757585,0.756657,0.759014,0.759016,0.760898,0.76079,0.761093,0.765367,0.769511,0.76531,0.761597,0.757535,0.752605,0.752522,0.754061,0.755339,0.754656,0.756473,0.756499,0.758541,0.755478,0.754368,0.754419,0.755441,0.758989,0.758274,0.761113,0.759371,0.760477,0.756482,0.756614,0.757339,0.758799,0.75779,0.757266,0.749259,0.750221,0.751189,0.750892,0.749727,0.746426,0.743928,0.744148,0.749356,0.75235,0.747618,0.746024,0.744126,0.741004,0.741563,0.742842,0.746587,0.749301,0.754486,0.756174,0.757488,0.761746,0.769492,0.780798,0.7862,0.797819,0.804535,0.809376,0.813944,0.819263,0.821359,0.822747,0.822691,0.827774,0.832483,0.834625,0.834064,0.835768,0.838602,0.841639,0.848699,0.847316,0.849869,0.857733,0.856807,0.856301,0.857877,0.858962,0.864843,0.86955,0.872284,0.875279,0.879327,0.879913,0.883916,0.886855,0.88418,0.88372,0.884357,0.877511,0.877541,0.871373,0.862687,0.858095,0.853267,0.841681,0.830455,0.820422,0.799769,0.783311,0.767249,0.751479,0.730756,0.710728,0.695365,0.682089,0.667111,0.654287,0.646421,0.637727,0.629195,0.626472,0.625573,0.624701,0.622913,0.616855,0.613751,0.609252,0.613392,0.6128,0.610735,0.604985,0.604239,0.601974,0.602718,0.60165,0.600941,0.597969,0.6003,0.596884,0.598021,0.599697,0.598645,0.598366,0.60142,0.603862,0.602748,0.604219,0.601218,0.59647,0.592388,0.589732,0.58613,0.586486,0.58495,0.583788,0.580526,0.581818,0.585386,0.58706,0.587842,0.590012,0.587525,0.585183,0.579935,0.578703,0.582526,0.58359,0.585905,0.583665,0.582732,0.582045,0.583793,0.582521,0.583681,0.58312,0.58261,0.581593,0.580891,0.578314,0.578579,0.57973,0.579155,0.578349,0.576632,0.57569,0.575526,0.575679,0.5767,0.576149,0.577078,0.576784,0.575805,0.574449,0.574407,0.573644,0.570889,0.569707,0.570051,0.570307,0.569052,0.570518,0.567227,0.568676,0.56633,0.564473,0.564292,0.561504,0.558994,0.557987,0.556286,0.555029,0.555062,0.553587,0.553952,0.551424,0.55079,0.551259,0.5517,0.552018,0.550265,0.550198,0.550944,0.549003,0.547357,0.546551,0.546969,0.545322,0.546077,0.545927,0.545258,0.544709,0.543366,0.544811,0.54195,0.540073,0.538737,0.538179,0.538114,0.535884,0.534791,0.533883,0.533152,0.533341,0.532582,0.531335,0.530363,0.529974,0.529084,0.527793,0.527592,0.527065,0.5265,0.523247,0.524725,0.525873,0.52323,0.522816,0.520076,0.518559,0.519117,0.518408,0.517651,0.516523,0.517358,0.516645,0.51684,0.514508,0.51457,0.513284,0.512411,0.510657,0.509828,0.509728,0.510008,0.507539,0.506685,0.506714,0.506071,0.505602,0.504183,0.503043,0.502192,0.502164,0.502604,0.502701,0.501031,0.499127,0.499131,0.49853,0.498133,0.496922,0.496512,0.496317,0.496522,0.495126,0.494391,0.494219,0.492515,0.491625,0.492236,0.490357,0.489102,0.488302,0.487913,0.486546,0.486221,0.484508,0.484264,0.483478,0.482493,0.482131,0.481641,0.480329,0.479272,0.478142,0.476725,0.476795,0.477342,0.477174,0.475209,0.474367,0.47351,0.473829,0.473378,0.472518,0.471124,0.471904,0.470833,0.470975,0.469947,0.468729,0.466994,0.466651,0.465897,0.465335,0.465186,0.464625,0.462972,0.462633,0.462676,0.462164,0.461602,0.461328,0.460124,0.459634,0.458869,0.457565,0.456637,0.455994,0.454914,0.454505,0.453969,0.453891,0.452807,0.452044,0.451964,0.451563,0.450608,0.450568,0.448706,0.448108,0.447492,0.448428,0.446688,0.445167,0.444959,0.444509,0.443901,0.444427,0.442693,0.442282,0.441081,0.44122,0.442097,0.440683,0.439841,0.438774,0.438052,0.43716,0.435992,0.436391,0.435408,0.433989,0.433958,0.433769,0.433057,0.431478,0.431105,0.430417,0.429713,0.428723,0.428927,0.429378,0.428517,0.427824,0.427159,0.425781,0.425335,0.424941,0.424358,0.42346,0.423276,0.423061,0.422418,0.421315,0.420245,0.41986,0.420665,0.420291,0.419643,0.418788,0.417577,0.417319,0.417925,0.418086,0.415593,0.415119,0.415204,0.414934,0.414499,0.414441,0.413635,0.412336,0.411545,0.410064,0.409788,0.410743,0.40958,0.408125,0.407462,0.408372,0.407305,0.405588,0.405915,0.40484,0.405495,0.403962,0.403282,0.402761,0.402633,0.401305,0.399997,0.400705,0.399385,0.399341,0.399797,0.398263,0.398134,0.396541,0.397035,0.395575,0.395865,0.396209,0.395739,0.394675,0.394403,0.394423,0.393573,0.393613,0.393785,0.392581,0.392824,0.391535,0.391134,0.391395,0.390671,0.389916,0.389508,0.389816,0.388274
a2,0.75,0.754158,0.758541,0.763479,0.765126,0.7618,0.759979,0.760759,0.760157,0.761191,0.76305,0.761314,0.757993,0.75888,0.762429,0.76054,0.75909,0.764013,0.759158,0.755117,0.755712,0.758805,0.759024,0.759433,0.757565,0.753668,0.74659,0.741117,0.74217,0.743476,0.745387,0.741338,0.741818,0.746456,0.741349,0.739748,0.740943,0.740952,0.742857,0.74101,0.738407,0.733823,0.738063,0.741921,0.744144,0.746387,0.750525,0.756447,0.762708,0.765305,0.765469,0.763163,0.76291,0.760484,0.755949,0.752843,0.755632,0.754479,0.751741,0.752351,0.748904,0.743241,0.741519,0.741197,0.744901,0.752638,0.749935,0.751244,0.752178,0.761326,0.761572,0.762591,0.76368,0.762595,0.75922,0.756229,0.753815,0.755435,0.752199,0.751732,0.74608,0.744708,0.741356,0.749774,0.747742,0.749607,0.751843,0.753961,0.755995,0.759014,0.761688,0.760775,0.760146,0.757191,0.756553,0.758384,0.765485,0.76505,0.763138,0.762551,0.762417,0.762537,0.758985,0.755905,0.755045,0.755964,0.752462,0.750399,0.751216,0.752104,0.758436,0.760916,0.76085,0.765272,0.765237,0.767024,0.766898,0.761402,0.751524,0.743465,0.74121,0.739779,0.73871,0.738699,0.744594,0.744766,0.747144,0.745356,0.741668,0.737484,0.733573,0.735968,0.737938,0.739405,0.739547,0.741572,0.743928,0.741504,0.743351,0.743856,0.743561,0.745443,0.744873,0.739737,0.741312,0.746811,0.749726,0.750516,0.750592,0.745306,0.749263,0.749826,0.748166,0.747856,0.752457,0.753478,0.752867,0.756233,0.752263,0.745326,0.745484,0.739903,0.742681,0.742135,0.743858,0.741999,0.740196,0.738466,0.740586,0.741014,0.747366,0.74944,0.752075,0.754527,0.754088,0.759421,0.757315,0.75316,0.750291,0.752514,0.762063,0.761881,0.762751,0.766874,0.76354,0.760434,0.7585,0.757074,0.759142,0.762544,0.769399,0.773784,0.781662,0.792882,0.804114,0.813843,0.824428,0.83329,0.841946,0.844404,0.847819,0.852323,0.86121,0.862913,0.866458,0.868779,0.872194,0.872446,0.878781,0.878424,0.879108,0.885041,0.890705,0.894533,0.898536,0.904096,0.904289,0.907463,0.905861,0.906311,0.914073,0.91786,0.920949,0.92558,0.927999,0.927418,0.930244,0.942861,0.949065,0.953705,0.955423,0.959184,0.96538,0.975636,0.984137,0.98978,0.995347,1.005056,1.023107,1.028199,1.033127,1.040459,1.053619,1.065277,1.070747,1.07042,1.079295,1.084109,1.095847,1.09586,1.105743,1.111446,1.113106,1.114365,1.116365,1.119258,1.12221,1.131047,1.131387,1.134824,1.138169,1.143154,1.151216,1.152377,1.158222,1.161214,1.163579,1.165323,1.163762,1.167975,1.169257,1.169708,1.169542,1.175723,1.181599,1.184078,1.190374,1.189134,1.192674,1.196701,1.203049,1.203457,1.209993,1.212302,1.213636,1.212738,1.213669,1.215726,1.217468,1.217156,1.218522,1.217098,1.223114,1.22442,1.227085,1.233649,1.22955,1.230705,1.229875,1.233496,1.234188,1.230645,1.229544,1.231005,1.22776,1.227334,1.234865,1.235687,1.240369,1.24104,1.243002,1.24582,1.247988,1.252111,1.255697,1.262046,1.263013,1.264657,1.268628,1.271525,1.271881,1.278288,1.280801,1.28198,1.286946,1.291538,1.292709,1.293354,1.299743,1.303302,1.308997,1.312293,1.320792,1.324759,1.327073,1.331276,1.334563,1.336818,1.341211,1.34662,1.352333,1.356383,1.359389,1.363046,1.366427,1.369052,1.373405,1.379612,1.384,1.389069,1.391587,1.392414,1.396192,1.398432,1.403702,1.406683,1.408133,1.41246,1.419272,1.424713,1.427957,1.434745,1.439223,1.438774,1.443748,1.449736,1.454899,1.460832,1.462446,1.470436,1.473347,1.477072,1.482078,1.481986,1.489004,1.491383,1.494972,1.499344,1.503854,1.507806,1.512367,1.517969,1.523461,1.528477,1.528601,1.532487,1.54228,1.546653,1.551634,1.558207,1.563941,1.568822,1.571424,1.574055,1.580763,1.579766,1.589985,1.595126,1.598753,1.604876,1.612026,1.617889,1.621303,1.626562,1.630591,1.635059,1.638402,1.642442,1.648347,1.65047,1.652777,1.65842,1.66608,1.670469,1.674596,1.676438,1.681298,1.688763,1.691735,1.700511,1.705316,1.710752,1.713728,1.716202,1.721886,1.728106,1.730627,1.73776,1.742777,1.748129,1.752105,1.758719,1.764787,1.769786,1.775656,1.781626,1.788707,1.795046,1.79765,1.804106,1.810591,1.814464,1.819839,1.823492,1.831882,1.839451,1.845897,1.850287,1.852348,1.854339,1.862116,1.865537,1.875469,1.879733,1.884409,1.886507,1.897031,1.905056,1.90792,1.911805,1.918498,1.924105,1.930382,1.933997,1.942991,1.948972,1.953764,1.961083,1.966106,1.970268,1.974673,1.980323,1.988995,1.998437,2.002741,2.008345,2.008581,2.01772,2.024728,2.02836,2.030104,2.042521,2.047235,2.051898,2.058098,2.065355,2.071373,2.075853,2.082654,2.083839,2.090586,2.096308,2.100606,2.105383,2.117037,2.12197,2.122661,2.128035,2.136156,2.136957,2.144546,2.14748,2.156382,2.165727,2.16949,2.176633,2.180214,2.188326,2.19624,2.202862,2.210297,2.215942,2.220996,2.228295,2.233502,2.246668,2.252017,2.258892,2.262607,2.269927,2.275398,2.282543,2.286085,2.292179,2.301342,2.309883,2.317936,2.323365,2.328352,2.332998,2.339433,2.347027,2.345546,2.353588,2.359561,2.370862,2.374335,2.381219,2.388587,2.395715,2.402896,2.40994,2.416408,2.42013,2.426469,2.436332,2.442894,2.444851,2.452019,2.455732,2.458708,2.463869,2.473985,2.478106,2.484554,2.492619,2.499707,2.50988,2.516481,2.527812,2.533469,2.53743,2.545211,2.554802,2.56238,2.568149,2.570368,2.582217,2.590798,2.594866,2.6034,2.609331,2.619342,2.626168,2.631267,2.6397,2.64559,2.650002,2.657046,2.664589,2.667792,2.67459,2.68336,2.687862,2.694807,2.701186,2.708652,2.714813,2.720632,2.730109,2.735808,2.738227,2.749006,2.754852,2.758729,2.768103,2.772807,2.78221,2.78847,2.795446,2.8012
a3,0.75,0.751277,0.745894,0.743624,0.741864,0.743801,0.739704,0.742325,0.74341,0.745364,0.747477,0.74775,0.747207,0.74903,0.747653,0.748521,0.748227,0.748501,0.747546,0.748402,0.745644,0.738395,0.737799,0.739089,0.74165,0.752932,0.760898,0.766194,0.759489,0.761099,0.75722,0.758608,0.759512,0.755688,0.753888,0.748994,0.745941,0.74578,0.745726,0.746857,0.749189,0.752376,0.752741,0.75116,0.748472,0.744593,0.742446,0.737906,0.734936,0.734271,0.733311,0.739141,0.735083,0.732346,0.736359,0.741673,0.738879,0.742507,0.745501,0.748963,0.746139,0.748096,0.750469,0.752879,0.752909,0.747663,0.748781,0.74701,0.749183,0.740371,0.738051,0.735798,0.735434,0.734835,0.736308,0.738213,0.73806,0.73672,0.743141,0.740862,0.742637,0.740295,0.743636,0.73925,0.735938,0.732441,0.726505,0.728119,0.728922,0.729869,0.728938,0.732224,0.730026,0.733689,0.734981,0.734646,0.733843,0.734478,0.733848,0.734359,0.732176,0.734332,0.736872,0.742034,0.743184,0.744951,0.750376,0.753454,0.754777,0.755856,0.752165,0.748221,0.743234,0.740632,0.735519,0.733786,0.731659,0.734188,0.742765,0.744465,0.748815,0.750031,0.749307,0.747624,0.749104,0.744172,0.744417,0.747552,0.751361,0.753623,0.754103,0.753003,0.751453,0.753015,0.750443,0.75093,0.749469,0.749584,0.74772,0.745364,0.745766,0.743587,0.740001,0.741125,0.74361,0.741734,0.742811,0.74689,0.746897,0.750659,0.745431,0.745546,0.745405,0.745689,0.739133,0.741125,0.742817,0.739461,0.742358,0.745765,0.74631,0.749135,0.748045,0.747506,0.749714,0.75146,0.75257,0.752882,0.751726,0.751811,0.753387,0.75034,0.746747,0.744614,0.746206,0.744242,0.748818,0.752727,0.750353,0.74516,0.74048,0.742239,0.743283,0.742402,0.745082,0.746837,0.744985,0.743686,0.736563,0.731639,0.723863,0.715737,0.701392,0.681454,0.667319,0.649739,0.636042,0.625515,0.615609,0.609832,0.605826,0.601607,0.595439,0.590615,0.584872,0.581812,0.579925,0.578574,0.572463,0.570628,0.565442,0.562568,0.557312,0.549838,0.547981,0.544933,0.543815,0.541229,0.538499,0.535318,0.529109,0.525123,0.520952,0.518,0.51431,0.512927,0.512916,0.506316,0.502644,0.504101,0.503177,0.504752,0.506561,0.503919,0.502393,0.506405,0.510379,0.51163,0.515583,0.523808,0.532223,0.539563,0.547934,0.557208,0.56661,0.577815,0.58593,0.594761,0.59555,0.603662,0.606379,0.60589,0.605855,0.606016,0.606667,0.611041,0.612516,0.612218,0.607904,0.606648,0.60691,0.610007,0.606482,0.608151,0.604335,0.603848,0.603331,0.605423,0.603881,0.605146,0.603333,0.601415,0.602557,0.599669,0.593657,0.590019,0.587982,0.587163,0.588342,0.59103,0.591963,0.594426,0.59485,0.593356,0.59426,0.595883,0.598773,0.596432,0.591949,0.590411,0.588965,0.587485,0.587071,0.588792,0.592829,0.590931,0.589009,0.587384,0.585458,0.585979,0.586588,0.588972,0.587735,0.588319,0.588701,0.589472,0.58639,0.587025,0.585515,0.587806,0.58661,0.584121,0.583685,0.582573,0.58264,0.580657,0.580379,0.57947,0.576633,0.57587,0.574781,0.572192,0.572041,0.572864,0.570694,0.569422,0.571651,0.572552,0.569393,0.567584,0.566361,0.563486,0.563109,0.559992,0.561331,0.5614,0.560197,0.562028,0.562703,0.561455,0.560792,0.560385,0.559112,0.559097,0.557346,0.558828,0.557697,0.554717,0.552516,0.550183,0.550936,0.550676,0.548442,0.5495,0.549083,0.548728,0.547743,0.547715,0.544332,0.542403,0.541835,0.539815,0.539465,0.538202,0.539179,0.538818,0.538238,0.536607,0.53608,0.535386,0.53542,0.534978,0.533902,0.533746,0.531988,0.532385,0.532081,0.530919,0.530217,0.530121,0.528723,0.527298,0.525962,0.527495,0.525966,0.523488,0.52279,0.521725,0.522791,0.522108,0.519635,0.518727,0.518625,0.518889,0.515853,0.516891,0.513375,0.51404,0.512812,0.512135,0.510732,0.510629,0.510383,0.508833,0.507296,0.508371,0.508189,0.50691,0.505735,0.505554,0.506269,0.50569,0.504217,0.502921,0.501242,0.500595,0.500811,0.5005,0.499617,0.497637,0.496631,0.496259,0.495806,0.495287,0.493447,0.493058,0.493071,0.491218,0.491499,0.490881,0.489159,0.489187,0.488756,0.488174,0.486948,0.48668,0.485077,0.485073,0.484615,0.483665,0.482917,0.482248,0.481313,0.481661,0.480512,0.479666,0.479411,0.478204,0.477124,0.47678,0.476751,0.476722,0.475056,0.473659,0.472934,0.473268,0.472035,0.46927,0.469631,0.468535,0.467922,0.467771,0.467982,0.46745,0.46604,0.46517,0.464179,0.463004,0.46347,0.462831,0.461755,0.460948,0.459497,0.457597,0.457808,0.457018,0.457726,0.456952,0.456295,0.45612,0.456811,0.454442,0.453931,0.452977,0.452694,0.451865,0.450632,0.450059,0.44954,0.449324,0.449732,0.449103,0.448801,0.446848,0.44612,0.446603,0.446666,0.44599,0.444903,0.444209,0.444371,0.444177,0.443547,0.441494,0.439854,0.439817,0.439936,0.439371,0.438509,0.438082,0.437779,0.436265,0.436255,0.436247,0.435261,0.432899,0.432581,0.432842,0.432506,0.4318,0.431468,0.43111,0.430237,0.428643,0.427793,0.426902,0.426082,0.426462,0.425995,0.42554,0.424953,0.424476,0.424929,0.423692,0.423262,0.422348,0.422804,0.421968,0.419862,0.418985,0.418378,0.418007,0.418097,0.417712,0.416017,0.414173,0.415538,0.41568,0.41438,0.414022,0.413955,0.413146,0.412259,0.412869,0.412589,0.41274,0.411847,0.409224,0.409309,0.408927,0.408678,0.407131,0.406949,0.407138,0.405607,0.40577,0.404765,0.404437,0.403777,0.403665,0.40247,0.402884,0.402657,0.4009,0.401446,0.400207,0.398861,0.399731,0.398801,0.399269,0.398294,0.398747,0.397153,0.396143,0.395591,0.395722,0.394903,0.393987,0.393994,0.392585,0.391597,0.392451,0.39067,0.391125,0.390975,0.389391,0.389451,0.388886,0.388419,0.387145,0.387883
