,0,1,2,3,4,5,6,7,8,9,10,11,12,13,14,15,16,17,18,19,20,21,22,23,24,25,26,27,28,29,30,31,32,33,34,35,36,37,38,39,40,41,42,43,44,45,46,47,48,49,50,51,52,53,54,55,56,57,58,59,60,61,62,63,64,65,66,67,68,69,70,71,72,73,74,75,76,77,78,79,80,81,82,83,84,85,86,87,88,89,90,91,92,93,94,95,96,97,98,99,100,101,102,103,104,105,106,107,108,109,110,111,112,113,114,115,116,117,118,119,120,121,122,123,124,125,126,127,128,129,130,131,132,133,134,135,136,137,138,139,140,141,142,143,144,145,146,147,148,149,150,151,152,153,154,155,156,157,158,159,160,161,162,163,164,165,166,167,168,169,170,171,172,173,174,175,176,177,178,179,180,181,182,183,184,185,186,187,188,189,190,191,192,193,194,195,196,197,198,199,200,201,202,203,204,205,206,207,208,209,210,211,212,213,214,215,216,217,218,219,220,221,222,223,224,225,226,227,228,229,230,231,232,233,234,235,236,237,238,239,240,241,242,243,244,245,246,247,248,249,250,251,252,253,254,255,256,257,258,259,260,261,262,263,264,265,266,267,268,269,270,271,272,273,274,275,276,277,278,279,280,281,282,283,284,285,286,287,288,289,290,291,292,293,294,295,296,297,298,299,300,301,302,303,304,305,306,307,308,309,310,311,312,313,314,315,316,317,318,319,320,321,322,323,324,325,326,327,328,329,330,331,332,333,334,335,336,337,338,339,340,341,342,343,344,345,346,347,348,349,350,351,352,353,354,355,356,357,358,359,360,361,362,363,364,365,366,367,368,369,370,371,372,373,374,375,376,377,378,379,380,381,382,383,384,385,386,387,388,389,390,391,392,393,394,395,396,397,398,399,400,401,402,403,404,405,406,407,408,409,410,411,412,413,414,415,416,417,418,419,420,421,422,423,424,425,426,427,428,429,430,431,432,433,434,435,436,437,438,439,440,441,442,443,444,445,446,447,448,449,450,451,452,453,454,455,456,457,458,459,460,461,462,463,464,465,466,467,468,469,470,471,472,473,474,475,476,477,478,479,480,481,482,483,484,485,486,487,488,489,490,491,492,493,494,495,496,497,498,499,500,501,502,503,504,505,506,507,508,509,510,511,512,513,514,515,516,517,518,519,520,521,522,523,524,525,526,527,528,529,530,531,532,533,534,535,536,537,538,539,540,541,542,543,544,545,546,547,548,549,550,551,552,553,554,555,556,557,558,559,560,561,562,563,564,565,566,567,568,569,570,571,572,573,574,575,576,577,578,579,580,581,582,583,584,585,586,587,588,589,590,591,592,593,594,595,596,597,598,599,600
Time,0.0,1.0,2.0,3.0,4.0,5.0,6.0,7.0,8.0,9.0,10.0,11.0,12.0,13.0,14.0,15.0,16.0,17.0,18.0,19.0,20.0,21.0,22.0,23.0,24.0,25.0,26.0,27.0,28.0,29.0,30.0,31.0,32.0,33.0,34.0,35.0,36.0,37.0,38.0,39.0,40.0,41.0,42.0,43.0,44.0,45.0,46.0,47.0,48.0,49.0,50.0,51.0,52.0,53.0,54.0,55.0,56.0,57.0,58.0,59.0,60.0,61.0,62.0,63.0,64.0,65.0,66.0,67.0,68.0,69.0,70.0,71.0,72.0,73.0,74.0,75.0,76.0,77.0,78.0,79.0,80.0,81.0,82.0,83.0,84.0,85.0,86.0,87.0,88.0,89.0,90.0,91.0,92.0,93.0,94.0,95.0,96.0,97.0,98.0,99.0,100.0,101.0,102.0,103.0,104.0,105.0,106.0,107.0,108.0,109.0,110.0,111.0,112.0,113.0,114.0,115.0,116.0,117.0,118.0,119.0,120.0,121.0,122.0,123.0,124.0,125.0,126.0,127.0,128.0,129.0,130.0,131.0,132.0,133.0,134.0,135.0,136.0,137.0,138.0,139.0,140.0,141.0,142.0,143.0,144.0,145.0,146.0,147.0,148.0,149.0,150.0,151.0,152.0,153.0,154.0,155.0,156.0,157.0,158.0,159.0,160.0,161.0,162.0,163.0,164.0,165.0,166.0,167.0,168.0,169.0,170.0,171.0,172.0,173.0,174.0,175.0,176.0,177.0,178.0,179.0,180.0,181.0,182.0,183.0,184.0,185.0,186.0,187.0,188.0,189.0,190.0,191.0,192.0,193.0,194.0,195.0,196.0,197.0,198.0,199.0,200.0,201.0,202.0,203.0,204.0,205.0,206.0,207.0,208.0,209.0,210.0,211.0,212.0,213.0,214.0,215.0,216.0,217.0,218.0,219.0,220.0,221.0,222.0,223.0,224.0,225.0,226.0,227.0,228.0,229.0,230.0,231.0,232.0,233.0,234.0,235.0,236.0,237.0,238.0,239.0,240.0,241.0,242.0,243.0,244.0,245.0,246.0,247.0,248.0,249.0,250.0,251.0,252.0,253.0,254.0,255.0,256.0,257.0,258.0,259.0,260.0,261.0,262.0,263.0,264.0,265.0,266.0,267.0,268.0,269.0,270.0,271.0,272.0,273.0,274.0,275.0,276.0,277.0,278.0,279.0,280.0,281.0,282.0,283.0,284.0,285.0,286.0,287.0,288.0,289.0,290.0,291.0,292.0,293.0,294.0,295.0,296.0,297.0,298.0,299.0,300.0,301.0,302.0,303.0,304.0,305.0,306.0,307.0,308.0,309.0,310.0,311.0,312.0,313.0,314.0,315.0,316.0,317.0,318.0,319.0,320.0,321.0,322.0,323.0,324.0,325.0,326.0,327.0,328.0,329.0,330.0,331.0,332.0,333.0,334.0,335.0,336.0,337.0,338.0,339.0,340.0,341.0,342.0,343.0,344.0,345.0,346.0,347.0,348.0,349.0,350.0,351.0,352.0,353.0,354.0,355.0,356.0,357.0,358.0,359.0,360.0,361.0,362.0,363.0,364.0,365.0,366.0,367.0,368.0,369.0,370.0,371.0,372.0,373.0,374.0,375.0,376.0,377.0,378.0,379.0,380.0,381.0,382.0,383.0,384.0,385.0,386.0,387.0,388.0,389.0,390.0,391.0,392.0,393.0,394.0,395.0,396.0,397.0,398.0,399.0,400.0,401.0,402.0,403.0,404.0,405.0,406.0,407.0,408.0,409.0,410.0,411.0,412.0,413.0,414.0,415.0,416.0,417.0,418.0,419.0,420.0,421.0,422.0,423.0,424.0,425.0,426.0,427.0,428.0,429.0,430.0,431.0,432.0,433.0,434.0,435.0,436.0,437.0,438.0,439.0,440.0,441.0,442.0,443.0,444.0,445.0,446.0,447.0,448.0,449.0,450.0,451.0,452.0,453.0,454.0,455.0,456.0,457.0,458.0,459.0,460.0,461.0,462.0,463.0,464.0,465.0,466.0,467.0,468.0,469.0,470.0,471.0,472.0,473.0,474.0,475.0,476.0,477.0,478.0,479.0,480.0,481.0,482.0,483.0,484.0,485.0,486.0,487.0,488.0,489.0,490.0,491.0,492.0,493.0,494.0,495.0,496.0,497.0,498.0,499.0,500.0,501.0,502.0,503.0,504.0,505.0,506.0,507.0,508.0,509.0,510.0,511.0,512.0,513.0,514.0,515.0,516.0,517.0,518.0,519.0,520.0,521.0,522.0,523.0,524.0,525.0,526.0,527.0,528.0,529.0,530.0,531.0,532.0,533.0,534.0,535.0,536.0,537.0,538.0,539.0,540.0,541.0,542.0,543.0,544.0,545.0,546.0,547.0,548.0,549.0,550.0,551.0,552.0,553.0,554.0,555.0,556.0,557.0,558.0,559.0,560.0,561.0,562.0,563.0,564.0,565.0,566.0,567.0,568.0,569.0,570.0,571.0,572.0,573.0,574.0,575.0,576.0,577.0,578.0,579.0,580.0,581.0,582.0,583.0,584.0,585.0,586.0,587.0,588.0,589.0,590.0,591.0,592.0,593.0,594.0,595.0,596.0,597.0,598.0,599.0,600.0
a1,0.25,0.248646,0.249637,0.253278,0.257662,0.256527,0.253871,0.254905,0.253789,0.249955,0.246132,0.240322,0.243686,0.243861,0.246018,0.248432,0.248935,0.244046,0.246943,0.246259,0.241975,0.239591,0.236212,0.2382,0.239662,0.242893,0.242258,0.246103,0.247919,0.24857,0.250783,0.242456,0.238987,0.247955,0.251883,0.255561,0.258627,0.256646,0.254772,0.25357,0.251845,0.252724,0.250359,0.248348,0.250148,0.249973,0.2572,0.254659,0.25444,0.25302,0.251938,0.250509,0.252458,0.25249,0.248827,0.24911,0.250362,0.25247,0.257007,0.252014,0.248764,0.244782,0.245948,0.248955,0.244691,0.243016,0.244507,0.241667,0.245454,0.24349,0.245858,0.250583,0.249711,0.24424,0.243768,0.24439,0.246087,0.243776,0.247555,0.25176,0.24934,0.249706,0.253236,0.252147,0.251327,0.253227,0.252392,0.253682,0.252759,0.250874,0.250199,0.252002,0.25341,0.253107,0.248254,0.249168,0.248301,0.244725,0.248293,0.24963,0.251457,0.250317,0.248564,0.249245,0.247091,0.250338,0.256403,0.255798,0.248672,0.248838,0.25412,0.259084,0.259812,0.2583,0.259304,0.26004,0.259838,0.257818,0.26019,0.257231,0.253679,0.250576,0.24785,0.246582,0.249164,0.254878,0.25171,0.246144,0.245288,0.243886,0.240673,0.239082,0.240653,0.250592,0.245698,0.24367,0.246945,0.24841,0.248833,0.250145,0.252917,0.252045,0.250302,0.247346,0.248525,0.247559,0.245025,0.24718,0.239853,0.238491,0.234928,0.229446,0.228232,0.23301,0.226451,0.211908,0.200882,0.189632,0.179952,0.178281,0.176217,0.174151,0.171522,0.171811,0.171525,0.169558,0.168107,0.167441,0.168796,0.167092,0.16644,0.167039,0.165409,0.162877,0.165695,0.167096,0.166645,0.170193,0.172397,0.177506,0.181867,0.186691,0.188778,0.184755,0.187748,0.186958,0.189009,0.189916,0.189188,0.186783,0.18973,0.191878,0.186131,0.186412,0.187977,0.184505,0.184371,0.182815,0.183049,0.18783,0.187647,0.184979,0.182397,0.17966,0.182796,0.183621,0.180977,0.179277,0.178431,0.180898,0.18298,0.185041,0.185727,0.179736,0.174291,0.177982,0.178156,0.174375,0.172767,0.172915,0.174638,0.174675,0.172856,0.171856,0.172014,0.177029,0.17848,0.177811,0.176188,0.174368,0.17267,0.17278,0.172293,0.17225,0.173793,0.170239,0.170025,0.172441,0.173287,0.168338,0.164379,0.166345,0.166459,0.167057,0.166294,0.166524,0.169323,0.164595,0.167915,0.164067,0.160066,0.162969,0.160798,0.163428,0.166144,0.160932,0.161029,0.16477,0.168484,0.164711,0.164627,0.15954,0.162021,0.163064,0.16616,0.163062,0.163243,0.165572,0.162888,0.164791,0.16178,0.157993,0.16044,0.16212,0.160761,0.16123,0.161171,0.168371,0.164282,0.16396,0.164258,0.158245,0.159384,0.16012,0.161572,0.15747,0.155113,0.159396,0.158011,0.159192,0.159162,0.155975,0.155848,0.156729,0.157019,0.152383,0.154006,0.156706,0.157312,0.157711,0.158285,0.159203,0.15187,0.153129,0.153674,0.152777,0.155465,0.152488,0.151629,0.145993,0.150645,0.151045,0.151415,0.151976,0.148321,0.150476,0.158659,0.157826,0.15337,0.159278,0.151621,0.150558,0.150596,0.155601,0.150173,0.147408,0.149624,0.152824,0.149972,0.15387,0.156973,0.150043,0.149225,0.146851,0.148553,0.146231,0.150789,0.148376,0.1457,0.145015,0.14126,0.14436,0.14626,0.141859,0.145327,0.140886,0.139702,0.145145,0.144298,0.146072,0.148002,0.147852,0.144146,0.142326,0.143635,0.144526,0.14682,0.146401,0.143925,0.142811,0.14717,0.147171,0.142219,0.14167,0.148088,0.146187,0.142438,0.145125,0.149256,0.145632,0.144393,0.146971,0.147146,0.144999,0.144413,0.141698,0.140839,0.139137,0.142106,0.141293,0.140673,0.141083,0.136318,0.140801,0.142127,0.14125,0.144678,0.144596,0.141855,0.139296,0.137646,0.136471,0.136911,0.136391,0.136645,0.1373,0.135823,0.131525,0.131967,0.1353,0.139533,0.139147,0.142414,0.139096,0.139302,0.134155,0.133384,0.139531,0.136681,0.13207,0.138705,0.137294,0.131571,0.136583,0.136373,0.130305,0.134814,0.136973,0.136886,0.13449,0.136266,0.13507,0.129046,0.129619,0.13141,0.134695,0.135163,0.137283,0.13572,0.135439,0.134795,0.137276,0.137966,0.137552,0.139564,0.135091,0.134828,0.133252,0.131097,0.130606,0.131964,0.134088,0.132293,0.130969,0.135805,0.137838,0.132502,0.13319,0.133851,0.134442,0.132937,0.13198,0.133921,0.132149,0.132191,0.130045,0.129631,0.133929,0.131842,0.132531,0.127147,0.13017,0.127007,0.128012,0.131871,0.122866,0.123257,0.128153,0.124784,0.128672,0.124885,0.125942,0.128227,0.132533,0.130619,0.133316,0.123605,0.124635,0.130471,0.13082,0.124678,0.129886,0.130623,0.129653,0.129071,0.122614,0.126923,0.127992,0.125078,0.125909,0.121477,0.129378,0.129211,0.127076,0.127173,0.125829,0.123339,0.12444,0.124219,0.126859,0.127799,0.122295,0.120134,0.125325,0.121477,0.122641,0.12074,0.119268,0.122962,0.12422,0.123876,0.124472,0.12179,0.123895,0.122007,0.121724,0.122335,0.12027,0.127921,0.124513,0.119781,0.120842,0.123025,0.12286,0.12672,0.124519,0.116815,0.117261,0.116419,0.121228,0.120975,0.118775,0.120582,0.123817,0.118277,0.118676,0.114682,0.120987,0.117264,0.126583,0.124893,0.121141,0.118136,0.120787,0.119147,0.121245,0.121049,0.120436,0.12072,0.125452,0.124477,0.120826,0.123456,0.115278,0.117189,0.119866,0.117822,0.118122,0.119761,0.116873,0.122779,0.124229,0.121667,0.126186,0.127182,0.12364,0.123852,0.121118,0.12528,0.124989,0.123801,0.121649,0.119816,0.121206,0.118772,0.121017,0.118394,0.119409,0.122822,0.124556,0.120869,0.125503,0.119999,0.119972,0.111971,0.115283,0.116764,0.118497,0.123735,0.120086,0.119674,0.117995,0.113939,0.119749,0.11945,0.117805,0.118009,0.11493,0.113573,0.123115,0.122506
a2,0.25,0.250636,0.247656,0.248885,0.241765,0.241937,0.244689,0.242949,0.244393,0.246453,0.246616,0.251542,0.250935,0.255962,0.254226,0.254717,0.255255,0.257341,0.259354,0.258528,0.260041,0.257742,0.257694,0.258791,0.257983,0.25228,0.251772,0.249388,0.246902,0.248911,0.250796,0.253171,0.256772,0.25366,0.253392,0.248616,0.243633,0.244684,0.243088,0.246969,0.248551,0.247672,0.24761,0.246801,0.244457,0.242547,0.237595,0.239236,0.242165,0.246733,0.245218,0.246857,0.250056,0.250974,0.254822,0.254843,0.248961,0.247167,0.247365,0.249014,0.247996,0.251556,0.251657,0.250327,0.249995,0.251197,0.254165,0.256275,0.254536,0.25454,0.255077,0.251442,0.25049,0.250172,0.252552,0.255142,0.253922,0.255515,0.254126,0.250075,0.247998,0.246732,0.246856,0.247187,0.247384,0.246031,0.244982,0.243181,0.244486,0.242502,0.250825,0.250005,0.246005,0.248693,0.249126,0.252411,0.255061,0.259178,0.254016,0.249963,0.249359,0.246392,0.246377,0.245531,0.248074,0.247619,0.245054,0.247737,0.253753,0.253512,0.245202,0.241597,0.241455,0.244382,0.246471,0.246533,0.246076,0.24581,0.242935,0.24304,0.245099,0.248343,0.248684,0.250368,0.24895,0.248885,0.250859,0.25541,0.24996,0.249681,0.253583,0.254918,0.255675,0.254559,0.259788,0.260416,0.260355,0.255593,0.250628,0.249435,0.251507,0.25383,0.25613,0.258228,0.253241,0.250423,0.252471,0.256759,0.260135,0.269363,0.272875,0.273899,0.268364,0.268634,0.271215,0.279773,0.289491,0.294649,0.303929,0.310116,0.316265,0.316988,0.319299,0.31906,0.324075,0.328712,0.335499,0.334808,0.333057,0.332773,0.333941,0.333196,0.335656,0.341973,0.349467,0.354503,0.360009,0.370715,0.376365,0.384619,0.393499,0.406772,0.408269,0.412495,0.415982,0.418915,0.419885,0.422034,0.423296,0.434046,0.43602,0.442242,0.443481,0.444636,0.442816,0.443391,0.441854,0.443621,0.45075,0.453571,0.4562,0.46108,0.467021,0.469543,0.470618,0.471151,0.468716,0.47213,0.474594,0.476541,0.478279,0.477554,0.475289,0.479021,0.485831,0.487732,0.493144,0.500275,0.500593,0.502237,0.503163,0.506286,0.505613,0.505947,0.50985,0.507491,0.504928,0.506893,0.505303,0.510801,0.513019,0.516949,0.515785,0.517762,0.523312,0.528555,0.534532,0.535609,0.534418,0.540603,0.54803,0.547144,0.553412,0.562398,0.562783,0.563252,0.565353,0.562695,0.564745,0.570243,0.576876,0.576925,0.575103,0.574597,0.57834,0.582482,0.578151,0.573604,0.576392,0.575549,0.577561,0.577829,0.57763,0.578538,0.583591,0.584782,0.587763,0.590745,0.59321,0.588755,0.587476,0.589616,0.595799,0.600613,0.604638,0.601887,0.6042,0.607818,0.611074,0.61523,0.618162,0.620847,0.620387,0.621181,0.619143,0.620835,0.624999,0.625069,0.628659,0.635989,0.641261,0.642085,0.645715,0.65458,0.657631,0.658186,0.65778,0.655775,0.654711,0.65633,0.659855,0.658775,0.663178,0.669474,0.673958,0.681319,0.682627,0.680548,0.679402,0.678348,0.675995,0.67011,0.668524,0.675417,0.67332,0.670214,0.670715,0.671837,0.672796,0.673492,0.676022,0.678175,0.679698,0.682489,0.683506,0.690798,0.695578,0.702746,0.700972,0.701589,0.706698,0.708121,0.706582,0.709602,0.707197,0.714224,0.717374,0.715651,0.71538,0.715398,0.720185,0.719161,0.718977,0.71817,0.718876,0.716097,0.712035,0.713817,0.714873,0.719348,0.719532,0.719116,0.722478,0.727304,0.727335,0.729172,0.730027,0.734606,0.736436,0.740274,0.743959,0.748677,0.759529,0.763883,0.765631,0.767968,0.773763,0.769927,0.770293,0.768369,0.765262,0.76238,0.76511,0.766073,0.767408,0.768838,0.772609,0.776854,0.780232,0.782473,0.786577,0.790526,0.791259,0.793988,0.796262,0.798607,0.801168,0.802932,0.802059,0.804279,0.805818,0.808387,0.809999,0.814974,0.81794,0.821139,0.825003,0.826425,0.830101,0.834295,0.832732,0.833367,0.829412,0.834682,0.838819,0.835453,0.83563,0.837901,0.839512,0.840467,0.847422,0.854207,0.859377,0.862847,0.863885,0.863701,0.862166,0.868588,0.871415,0.871231,0.870713,0.873157,0.876952,0.880215,0.87776,0.875353,0.873185,0.870514,0.861589,0.856464,0.857639,0.859341,0.862811,0.862114,0.861628,0.865804,0.866073,0.86602,0.867214,0.867096,0.869698,0.870251,0.868319,0.871404,0.872688,0.878352,0.881604,0.882867,0.882815,0.885745,0.891527,0.89513,0.897351,0.898301,0.906212,0.915909,0.927706,0.923205,0.923665,0.927375,0.928211,0.931054,0.935248,0.932992,0.93597,0.941001,0.937897,0.940755,0.935383,0.928185,0.928648,0.931756,0.933884,0.93125,0.930823,0.930153,0.931794,0.936961,0.93633,0.937636,0.939608,0.945193,0.950471,0.9514,0.95799,0.967101,0.971606,0.97601,0.979056,0.988875,0.999215,1.006413,1.011331,1.011157,1.006843,1.005752,1.006527,1.008651,1.009036,1.013351,1.013265,1.014782,1.014859,1.012706,1.011679,1.009558,1.007298,1.010449,1.011672,1.015373,1.019048,1.018408,1.019354,1.018396,1.017171,1.018655,1.01712,1.012333,1.010352,1.009382,1.014346,1.014609,1.021457,1.024186,1.02812,1.034843,1.038061,1.036834,1.039115,1.045121,1.04615,1.047305,1.048069,1.048925,1.051844,1.054847,1.057629,1.058534,1.05636,1.05712,1.061576,1.062981,1.061886,1.058295,1.055674,1.052084,1.051006,1.051731,1.050982,1.051004,1.052572,1.052497,1.048789,1.045987,1.048955,1.050504,1.050691,1.057524,1.062231,1.064368,1.061057,1.056632,1.061024,1.060694,1.063076,1.068532,1.069343,1.06754,1.069631,1.072022,1.071832,1.078092,1.083058,1.086307,1.093213,1.095427,1.095571,1.104681,1.10558,1.102534,1.101546,1.101843,1.100207,1.09902,1.096521,1.099574,1.098947,1.098299,1.103719,1.107666,1.113968,1.114512,1.11711,1.121504,1.119982,1.119772,1.122171,1.128614,1.132009,1.134444,1.133978
a3,0.25,0.250724,0.252733,0.24787,0.250828,0.251759,0.251532,0.252306,0.251917,0.253644,0.257413,0.258473,0.255522,0.250324,0.249824,0.246919,0.245901,0.248794,0.243967,0.245426,0.248318,0.253026,0.256693,0.253471,0.252714,0.254989,0.256174,0.254582,0.255261,0.252538,0.248428,0.25455,0.254623,0.248425,0.24481,0.245922,0.247976,0.248817,0.252293,0.249505,0.249615,0.249631,0.25205,0.254924,0.255518,0.25771,0.255688,0.256468,0.253585,0.250287,0.252915,0.252668,0.247511,0.246574,0.246426,0.246126,0.250681,0.250391,0.245774,0.248984,0.253273,0.25375,0.252446,0.250721,0.25543,0.255959,0.251428,0.252288,0.250093,0.252106,0.249152,0.247988,0.2498,0.25572,0.2538,0.250585,0.250052,0.250849,0.248371,0.248178,0.252685,0.25361,0.249949,0.250692,0.251309,0.250796,0.252703,0.25328,0.252848,0.256832,0.248979,0.248008,0.25064,0.248229,0.252641,0.248439,0.246717,0.246345,0.24774,0.250408,0.24919,0.253339,0.255143,0.255321,0.254908,0.252064,0.248677,0.246565,0.247618,0.247687,0.250759,0.249624,0.249072,0.247529,0.244481,0.243728,0.24437,0.246551,0.247195,0.24993,0.251301,0.251089,0.253503,0.253093,0.251897,0.246313,0.247451,0.248538,0.254843,0.256594,0.256019,0.256373,0.253946,0.244942,0.244794,0.246236,0.243027,0.246095,0.250544,0.250422,0.245635,0.24423,0.243722,0.244631,0.248265,0.252038,0.252579,0.246196,0.250424,0.243226,0.243737,0.248627,0.255105,0.249623,0.254409,0.263552,0.268686,0.279642,0.285688,0.282612,0.280363,0.283043,0.285301,0.285034,0.281091,0.280341,0.27704,0.278716,0.277932,0.281007,0.281121,0.280738,0.281428,0.280522,0.269839,0.263776,0.260444,0.247649,0.240814,0.228863,0.218335,0.205752,0.202732,0.205024,0.200065,0.199503,0.196882,0.194944,0.195112,0.192729,0.188876,0.184134,0.189289,0.188514,0.187713,0.190997,0.1918,0.192662,0.189373,0.183404,0.182525,0.183198,0.183428,0.185223,0.181629,0.180609,0.184199,0.184601,0.184514,0.181254,0.17854,0.176819,0.177006,0.18148,0.184527,0.179996,0.177846,0.179113,0.180665,0.17992,0.177817,0.176683,0.17878,0.179701,0.178161,0.173919,0.173381,0.173358,0.175507,0.17543,0.176388,0.174936,0.175826,0.175199,0.171802,0.173649,0.171923,0.169173,0.168722,0.171696,0.173448,0.171675,0.169615,0.166307,0.166956,0.166587,0.163225,0.168706,0.16477,0.167009,0.169215,0.166187,0.168964,0.166391,0.162612,0.166684,0.167832,0.165322,0.160895,0.164822,0.164331,0.169492,0.166955,0.165626,0.161133,0.16386,0.162848,0.159747,0.161705,0.161047,0.164401,0.167731,0.163459,0.160468,0.160748,0.161013,0.160454,0.152678,0.155645,0.154897,0.153883,0.15904,0.158021,0.157093,0.156194,0.159826,0.161173,0.156825,0.157296,0.15433,0.15309,0.156017,0.155267,0.152303,0.151316,0.155789,0.154242,0.152048,0.151708,0.150951,0.1496,0.148981,0.155138,0.152415,0.150864,0.15011,0.147233,0.150565,0.151674,0.157774,0.153434,0.154372,0.15436,0.152221,0.156457,0.154932,0.14683,0.147359,0.151424,0.145657,0.15244,0.15303,0.152647,0.147134,0.152225,0.153444,0.150132,0.145488,0.148631,0.144738,0.140852,0.147061,0.148189,0.149944,0.14873,0.149605,0.144445,0.147148,0.149908,0.150612,0.153588,0.150504,0.148586,0.153368,0.149561,0.154874,0.157078,0.15081,0.151472,0.148701,0.146725,0.146958,0.150035,0.150945,0.149564,0.148267,0.145779,0.145286,0.147417,0.147797,0.142709,0.141808,0.144649,0.144383,0.13781,0.139178,0.141771,0.139839,0.135904,0.139635,0.141404,0.13945,0.138787,0.140664,0.14099,0.143424,0.143594,0.144556,0.140924,0.141328,0.141211,0.140097,0.14486,0.139766,0.138066,0.138515,0.134801,0.134581,0.137331,0.139468,0.140871,0.141632,0.140895,0.14057,0.139799,0.13859,0.139441,0.14375,0.142634,0.138421,0.134474,0.134744,0.132281,0.134582,0.13372,0.139409,0.140185,0.133646,0.136171,0.140765,0.132931,0.133231,0.13819,0.132583,0.132628,0.138834,0.13443,0.131332,0.130989,0.133352,0.131692,0.132486,0.13807,0.13695,0.135461,0.132522,0.13239,0.130746,0.133622,0.1347,0.135158,0.132452,0.13126,0.131761,0.129935,0.13359,0.133809,0.1354,0.137436,0.137971,0.136143,0.133902,0.13602,0.136909,0.13184,0.129057,0.133759,0.132878,0.132229,0.131213,0.131838,0.132259,0.13002,0.131624,0.130433,0.131182,0.129928,0.12637,0.128307,0.12713,0.132394,0.128924,0.131542,0.130825,0.126593,0.135144,0.135161,0.129603,0.133866,0.130828,0.134728,0.133152,0.130481,0.126599,0.128512,0.126004,0.135664,0.133801,0.127902,0.127383,0.133377,0.127273,0.125852,0.12667,0.126367,0.131768,0.126704,0.125079,0.127594,0.125494,0.128726,0.12,0.119571,0.121601,0.122029,0.123467,0.125862,0.124485,0.12466,0.121545,0.120662,0.125904,0.128159,0.123111,0.12714,0.126199,0.128472,0.129653,0.125605,0.123881,0.123776,0.123261,0.125858,0.123837,0.125905,0.126014,0.125573,0.128333,0.120894,0.124323,0.128601,0.127439,0.124339,0.124174,0.11993,0.121258,0.128854,0.128515,0.129162,0.123325,0.123462,0.125609,0.123637,0.120308,0.125594,0.124816,0.128823,0.122005,0.126137,0.116767,0.117851,0.12134,0.124555,0.122234,0.124225,0.122491,0.122816,0.123356,0.123153,0.118506,0.119256,0.122868,0.120676,0.129583,0.127109,0.124087,0.126217,0.125083,0.122825,0.125607,0.119938,0.119034,0.121038,0.11674,0.115566,0.11827,0.117977,0.120844,0.116602,0.116612,0.117752,0.119139,0.120407,0.118671,0.120338,0.117867,0.120462,0.118453,0.115068,0.113779,0.117355,0.112991,0.11835,0.118504,0.127262,0.123262,0.121769,0.120058,0.114412,0.117468,0.117206,0.118815,0.122759,0.116344,0.116794,0.118448,0.117991,0.120459,0.121533,0.111873,0.112475
